{
 "cells": [
  {
   "cell_type": "markdown",
   "metadata": {},
   "source": [
    "# Algoritmo de reduccion de dimension\n",
    "El algoritmo LDA puede ser visto como un algotimo de la reduccion de la dimension, tomamos un vector de $R^n$ y lo transformamos a una probabilidad.\n",
    "\n",
    "Ahora se verán 2 algoritmos para la reduccion de la dimension"
   ]
  },
  {
   "cell_type": "code",
   "execution_count": 2,
   "metadata": {},
   "outputs": [
    {
     "name": "stdout",
     "output_type": "stream",
     "text": [
      "['La UFRO está en Temuco, y yo estudio en la ufro.', 'La Ufro es una universidad estatal.', 'Facultad de Ingeniería y Ciencia, Ufro.', 'Departamento de Ingeniería Matemática, Ufro.', 'Departamento de Ciencias Físicas, Ufro.']\n"
     ]
    }
   ],
   "source": [
    "from nltk.tokenize import TreebankWordTokenizer\n",
    "from collections import Counter\n",
    "\n",
    "tokenizer = TreebankWordTokenizer()\n",
    "docs = [\"La UFRO está en Temuco, y yo estudio en la ufro.\"]\n",
    "docs.append(\"La Ufro es una universidad estatal.\")\n",
    "docs.append(\"Facultad de Ingeniería y Ciencia, Ufro.\")\n",
    "docs.append(\"Departamento de Ingeniería Matemática, Ufro.\")\n",
    "docs.append(\"Departamento de Ciencias Físicas, Ufro.\")\n",
    "print(docs)"
   ]
  },
  {
   "cell_type": "code",
   "execution_count": 3,
   "metadata": {},
   "outputs": [
    {
     "name": "stdout",
     "output_type": "stream",
     "text": [
      "[[0.         0.         0.         0.         0.58946308 0.\n",
      "  0.         0.29473154 0.29473154 0.         0.         0.\n",
      "  0.4755751  0.         0.29473154 0.28088232 0.         0.\n",
      "  0.29473154]\n",
      " [0.         0.         0.         0.         0.         0.45277275\n",
      "  0.45277275 0.         0.         0.         0.         0.\n",
      "  0.36529421 0.         0.         0.21574864 0.45277275 0.45277275\n",
      "  0.        ]\n",
      " [0.5482859  0.         0.36719346 0.         0.         0.\n",
      "  0.         0.         0.         0.5482859  0.         0.44235361\n",
      "  0.         0.         0.         0.26126117 0.         0.\n",
      "  0.        ]\n",
      " [0.         0.         0.38812269 0.46756681 0.         0.\n",
      "  0.         0.         0.         0.         0.         0.46756681\n",
      "  0.         0.57953701 0.         0.27615249 0.         0.\n",
      "  0.        ]\n",
      " [0.         0.5482859  0.36719346 0.44235361 0.         0.\n",
      "  0.         0.         0.         0.         0.5482859  0.\n",
      "  0.         0.         0.         0.26126117 0.         0.\n",
      "  0.        ]]\n",
      "(5, 19)\n"
     ]
    }
   ],
   "source": [
    "from sklearn.feature_extraction.text import TfidfVectorizer\n",
    "\n",
    "corpus = docs\n",
    "vectorizer = TfidfVectorizer(min_df=1, encoding='utf-8')\n",
    "model = vectorizer.fit_transform(corpus)\n",
    "X = model.todense()\n",
    "print(X)\n",
    "print(X.shape)\n",
    "#A la matriz TF-IDF que formemos con los documentos, le llamaremos X"
   ]
  },
  {
   "cell_type": "markdown",
   "metadata": {},
   "source": [
    "Asi, de la matriz X, cada fila representa un documento y cada columna un token."
   ]
  },
  {
   "cell_type": "markdown",
   "metadata": {},
   "source": [
    "## Primer algoritmo: Descomposicion en valores singulares (SVD)\n",
    "\n",
    "Para toda matriz $n\\times n$, existen dos matrices ortogonales $U$ y $V$ y una matriz diagonal $D$, tal que $A=VDU^T$, \n",
    "\n",
    "Donde $D$ está compuesto por los valores singulares $\\sigma_1, ..., \\sigma_r$ y son las raices positivas de los autovalores no ceros, de las matrices $A^T A$ y $AA^T$, y $\\sigma_{r+1}=...=\\sigma_n=0$.\n",
    "\n",
    "Las columnas de $U$ son autovectores de $A^T A$, y las columnas de $V$ son autovectores de $A A^T$"
   ]
  },
  {
   "cell_type": "markdown",
   "metadata": {},
   "source": [
    "### Generalizacion para matriz no cuadrada\n",
    "Para cada matriz real $m\\times n$ $A$, existen dos amtrices ortogonales $U$ ($n\\times n$) y $V$ ($m\\times m$) y una matriz diagonal $m\\times n$ $D$ tal que $A=VDU^T$.\n",
    "\n",
    "Donde, $D$ está compuesto por los valores singulares $\\sigma_1, ..., \\sigma_r$, y son las raices positivas de los autovalores no ceros de $A^TA$ y $AA^T$, y $\\sigma_{r+1}, ..., \\sigma_p = 0$, donde $p = \\min(m,n)$.\n",
    "\n",
    "Las columnas de $U$ son autovectores de $A^T A$, y las columnas de $V$ son autovectores de $A A^T$"
   ]
  },
  {
   "cell_type": "code",
   "execution_count": 4,
   "metadata": {},
   "outputs": [
    {
     "name": "stdout",
     "output_type": "stream",
     "text": [
      "[[-2.13913668e-01  7.73660267e-02  4.34297183e-01 -6.68262083e-03\n",
      "  -3.55558591e-01 -1.06972301e-01 -1.06972301e-01 -1.87115861e-01\n",
      "  -1.87115861e-01 -2.96332552e-01  2.37060451e-01 -2.72256286e-01\n",
      "  -3.88232376e-01 -4.11220965e-02 -1.87115861e-01 -2.77134669e-01\n",
      "  -1.06972301e-01 -1.06972301e-01 -1.87115861e-01]\n",
      " [-2.13913668e-01  7.73660267e-02 -4.34297183e-01 -6.68262083e-03\n",
      "  -3.55558591e-01 -2.69033707e-01 -2.69033707e-01  3.80563361e-02\n",
      "   3.80563361e-02  2.72828084e-02 -4.12923644e-01  2.29637860e-01\n",
      "  -1.55647477e-01  2.57347401e-01  3.80563361e-02 -1.53060416e-01\n",
      "  -2.69033707e-01 -2.69033707e-01  3.80563361e-02]\n",
      " [-4.66404380e-01  1.75198223e-01 -1.16004375e-15 -1.74852689e-02\n",
      "  -5.61312855e-02  1.65060815e-01  1.65060815e-01  1.40407693e-01\n",
      "   1.40407693e-01 -4.69064690e-01 -3.03478380e-01 -3.14258000e-01\n",
      "   3.59730111e-01  7.95499999e-02  1.40407693e-01 -1.17752513e-01\n",
      "   1.65060815e-01  1.65060815e-01  1.40407693e-01]\n",
      " [-3.89287636e-01  1.48640802e-01 -3.50388233e-01 -1.56728001e-02\n",
      "   2.19241737e-01  3.28920343e-02  3.28920343e-02 -9.93972014e-02\n",
      "  -9.93972014e-02  3.60159276e-01 -4.86957646e-02 -2.01441625e-01\n",
      "  -1.33848986e-01 -6.09840978e-01 -9.93972014e-02 -2.21231829e-01\n",
      "   3.28920343e-02  3.28920343e-02 -9.93972014e-02]\n",
      " [-9.94096863e-02 -3.60099863e-01  1.43955395e-16  4.80221887e-01\n",
      "   1.07764406e-02  2.24170032e-01  2.24170032e-01 -2.13746358e-01\n",
      "  -2.13746358e-01  3.09073831e-02 -3.33110097e-01  2.01467442e-01\n",
      "  -1.64039461e-01  2.18806319e-01 -2.13746358e-01 -1.36623177e-01\n",
      "   2.24170032e-01  2.24170032e-01 -2.13746358e-01]\n",
      " [-6.64827424e-02 -2.85374928e-01  3.25906779e-16 -3.62900604e-01\n",
      "   3.89801019e-03  7.96318395e-01 -2.03681605e-01  2.91548374e-02\n",
      "   2.91548374e-02  6.33196624e-03 -2.84982914e-02  2.39566735e-02\n",
      "  -1.17285158e-01  2.33617131e-02  2.91548374e-02 -6.87008949e-02\n",
      "  -2.03681605e-01 -2.03681605e-01  2.91548374e-02]\n",
      " [-6.64827424e-02 -2.85374928e-01  3.25906779e-16 -3.62900604e-01\n",
      "   3.89801019e-03 -2.03681605e-01  7.96318395e-01  2.91548374e-02\n",
      "   2.91548374e-02  6.33196624e-03 -2.84982914e-02  2.39566735e-02\n",
      "  -1.17285158e-01  2.33617131e-02  2.91548374e-02 -6.87008949e-02\n",
      "  -2.03681605e-01 -2.03681605e-01  2.91548374e-02]\n",
      " [-4.97048432e-02 -1.80049932e-01  4.21239439e-17  2.40110944e-01\n",
      "   5.38822028e-03 -1.94482257e-02 -1.94482257e-02  9.15182854e-01\n",
      "  -8.48171463e-02 -2.78975905e-03  1.09558466e-01 -5.28203742e-02\n",
      "  -1.52550585e-01 -6.26797333e-02 -8.48171463e-02 -6.90902011e-02\n",
      "  -1.94482257e-02 -1.94482257e-02 -8.48171463e-02]\n",
      " [-4.97048432e-02 -1.80049932e-01  4.21239439e-17  2.40110944e-01\n",
      "   5.38822028e-03 -1.94482257e-02 -1.94482257e-02 -8.48171463e-02\n",
      "   9.15182854e-01 -2.78975905e-03  1.09558466e-01 -5.28203742e-02\n",
      "  -1.52550585e-01 -6.26797333e-02 -8.48171463e-02 -6.90902011e-02\n",
      "  -1.94482257e-02 -1.94482257e-02 -8.48171463e-02]\n",
      " [-2.13913668e-01  7.73660267e-02  4.34297183e-01 -6.68262083e-03\n",
      "  -3.55558591e-01  4.80956785e-02  4.80956785e-02  8.16132452e-02\n",
      "   8.16132452e-02  7.25175129e-01 -8.84569944e-02 -9.12273455e-02\n",
      "   1.70493395e-01  1.61750928e-01  8.16132452e-02  4.66557419e-03\n",
      "   4.80956785e-02  4.80956785e-02  8.16132452e-02]\n",
      " [-2.13913668e-01  7.73660267e-02 -4.34297183e-01 -6.68262083e-03\n",
      "  -3.55558591e-01  1.59329093e-01  1.59329093e-01 -2.67169547e-02\n",
      "  -2.67169547e-02  2.20986908e-02  6.65537660e-01  1.86003435e-01\n",
      "   8.54355673e-02  2.08447772e-01 -2.67169547e-02  9.43150341e-04\n",
      "   1.59329093e-01  1.59329093e-01 -2.67169547e-02]\n",
      " [-3.89287636e-01  1.48640802e-01  3.50388233e-01 -1.56728001e-02\n",
      "   2.19241737e-01 -3.01079518e-02 -3.01079518e-02  4.54254428e-02\n",
      "   4.54254428e-02 -1.10172949e-01  8.02226433e-02  7.64263640e-01\n",
      "   4.90070165e-02 -1.82016194e-01  4.54254428e-02 -7.20588392e-02\n",
      "  -3.01079518e-02 -3.01079518e-02  4.54254428e-02]\n",
      " [-1.33840967e-01 -5.20764997e-01  3.26898893e-16  9.46540727e-02\n",
      "   1.18392545e-02 -1.95710448e-01 -1.95710448e-01 -1.13337940e-01\n",
      "  -1.13337940e-01  6.07070430e-04  1.53789918e-01 -6.59021973e-02\n",
      "   6.59221370e-01 -8.22911454e-02 -1.13337940e-01 -1.66910528e-01\n",
      "  -1.95710448e-01 -1.95710448e-01 -1.13337940e-01]\n",
      " [-2.68598323e-01  1.06870416e-01  8.11921956e-15 -1.27434110e-02\n",
      "   6.27303073e-01 -8.54137087e-02 -8.54137087e-02 -2.53095798e-02\n",
      "  -2.53095798e-02  1.38268341e-01  1.87890893e-01 -2.00961797e-01\n",
      "  -1.09750462e-01  6.12644692e-01 -2.53095798e-02 -9.39806480e-02\n",
      "  -8.54137087e-02 -8.54137087e-02 -2.53095798e-02]\n",
      " [-4.97048432e-02 -1.80049932e-01  4.21239439e-17  2.40110944e-01\n",
      "   5.38822028e-03 -1.94482257e-02 -1.94482257e-02 -8.48171463e-02\n",
      "  -8.48171463e-02 -2.78975905e-03  1.09558466e-01 -5.28203742e-02\n",
      "  -1.52550585e-01 -6.26797333e-02  9.15182854e-01 -6.90902011e-02\n",
      "  -1.94482257e-02 -1.94482257e-02 -8.48171463e-02]\n",
      " [-4.10899189e-01 -1.82917218e-01 -5.30367008e-16  4.34633073e-02\n",
      "  -3.29454176e-02 -5.74508185e-02 -5.74508185e-02 -5.28409869e-02\n",
      "  -5.28409869e-02 -5.41812283e-02 -2.11615083e-02 -8.95209580e-02\n",
      "  -1.31614510e-01 -5.67776917e-02 -5.28409869e-02  8.59310258e-01\n",
      "  -5.74508185e-02 -5.74508185e-02 -5.28409869e-02]\n",
      " [-6.64827424e-02 -2.85374928e-01  3.25906779e-16 -3.62900604e-01\n",
      "   3.89801019e-03 -2.03681605e-01 -2.03681605e-01  2.91548374e-02\n",
      "   2.91548374e-02  6.33196624e-03 -2.84982914e-02  2.39566735e-02\n",
      "  -1.17285158e-01  2.33617131e-02  2.91548374e-02 -6.87008949e-02\n",
      "   7.96318395e-01 -2.03681605e-01  2.91548374e-02]\n",
      " [-6.64827424e-02 -2.85374928e-01  3.37101937e-16 -3.62900604e-01\n",
      "   3.89801019e-03 -2.03681605e-01 -2.03681605e-01  2.91548374e-02\n",
      "   2.91548374e-02  6.33196624e-03 -2.84982914e-02  2.39566735e-02\n",
      "  -1.17285158e-01  2.33617131e-02  2.91548374e-02 -6.87008949e-02\n",
      "  -2.03681605e-01  7.96318395e-01  2.91548374e-02]\n",
      " [-4.97048432e-02 -1.80049932e-01  3.49227778e-17  2.40110944e-01\n",
      "   5.38822028e-03 -1.94482257e-02 -1.94482257e-02 -8.48171463e-02\n",
      "  -8.48171463e-02 -2.78975905e-03  1.09558466e-01 -5.28203742e-02\n",
      "  -1.52550585e-01 -6.26797333e-02 -8.48171463e-02 -6.90902011e-02\n",
      "  -1.94482257e-02 -1.94482257e-02  9.15182854e-01]]\n",
      "(19, 19)\n"
     ]
    }
   ],
   "source": [
    "import numpy as np\n",
    "\n",
    "#descomposicion en valores singulares = svd\n",
    "V, s, Ut = np.linalg.svd(X.T)\n",
    "\n",
    "print(V)\n",
    "print(V.shape)"
   ]
  },
  {
   "cell_type": "markdown",
   "metadata": {},
   "source": [
    "A la matriz $V$ se le conoce como matriz de terminos y temas, y contiene informacion sobre los vecinos cercanos en el espacio vectorial semantico.\n",
    "\n",
    "Esta matriz va a tener la correlacion cruzada entre los tokens basada en la coincidencia de palabras en un mismo documento."
   ]
  },
  {
   "cell_type": "code",
   "execution_count": 8,
   "metadata": {},
   "outputs": [
    {
     "name": "stdout",
     "output_type": "stream",
     "text": [
      "[[1.3254161  0.         0.         0.         0.        ]\n",
      " [0.         1.08832291 0.         0.         0.        ]\n",
      " [0.         0.         0.89269904 0.         0.        ]\n",
      " [0.         0.         0.         0.87474214 0.        ]\n",
      " [0.         0.         0.         0.         0.70479786]\n",
      " [0.         0.         0.         0.         0.        ]\n",
      " [0.         0.         0.         0.         0.        ]\n",
      " [0.         0.         0.         0.         0.        ]\n",
      " [0.         0.         0.         0.         0.        ]\n",
      " [0.         0.         0.         0.         0.        ]\n",
      " [0.         0.         0.         0.         0.        ]\n",
      " [0.         0.         0.         0.         0.        ]\n",
      " [0.         0.         0.         0.         0.        ]\n",
      " [0.         0.         0.         0.         0.        ]\n",
      " [0.         0.         0.         0.         0.        ]\n",
      " [0.         0.         0.         0.         0.        ]\n",
      " [0.         0.         0.         0.         0.        ]\n",
      " [0.         0.         0.         0.         0.        ]\n",
      " [0.         0.         0.         0.         0.        ]]\n",
      "(19, 5)\n"
     ]
    }
   ],
   "source": [
    "D = np.zeros((len(V),len(Ut)))\n",
    "np.fill_diagonal(D, s)\n",
    "\n",
    "print(D)\n",
    "print(D.shape)"
   ]
  },
  {
   "cell_type": "markdown",
   "metadata": {},
   "source": [
    "Finalmente la matriz $U^T$, cuyas dimensiones, son la cantidad de documentos"
   ]
  },
  {
   "cell_type": "code",
   "execution_count": 9,
   "metadata": {},
   "outputs": [
    {
     "name": "stdout",
     "output_type": "stream",
     "text": [
      "[[-2.23524090e-01 -1.94617049e-01 -5.17110909e-01 -6.14291299e-01\n",
      "  -5.17110909e-01]\n",
      " [-6.64850681e-01 -6.85951329e-01  1.53568092e-01  2.00693865e-01\n",
      "   1.53568092e-01]\n",
      " [-0.00000000e+00  4.92059614e-16  7.07106781e-01  7.57002312e-15\n",
      "  -7.07106781e-01]\n",
      " [ 7.12632114e-01 -7.01112089e-01 -1.06615364e-02 -1.92346622e-02\n",
      "  -1.06615364e-02]\n",
      " [ 1.28849669e-02  6.06774421e-03 -4.57055227e-01  7.62888065e-01\n",
      "  -4.57055227e-01]]\n",
      "(5, 5)\n"
     ]
    }
   ],
   "source": [
    "print(Ut)\n",
    "print(Ut.shape)"
   ]
  },
  {
   "cell_type": "markdown",
   "metadata": {},
   "source": [
    "Mostrando la diferencia entre las matrices"
   ]
  },
  {
   "cell_type": "code",
   "execution_count": 10,
   "metadata": {},
   "outputs": [
    {
     "name": "stdout",
     "output_type": "stream",
     "text": [
      "[[ 0.  0.  0.  0.  0. -0. -0.  0.  0.  0.  0.  0.  0.  0.  0.  0. -0. -0.\n",
      "   0.]\n",
      " [ 0.  0.  0.  0. -0.  0.  0. -0. -0.  0.  0.  0. -0.  0. -0.  0.  0.  0.\n",
      "  -0.]\n",
      " [ 0.  0.  0. -0.  0.  0.  0.  0.  0.  0.  0. -0.  0. -0.  0.  0.  0.  0.\n",
      "   0.]\n",
      " [-0.  0. -0. -0.  0.  0.  0.  0.  0. -0. -0. -0.  0.  0.  0.  0.  0.  0.\n",
      "   0.]\n",
      " [-0. -0. -0.  0.  0.  0.  0.  0.  0. -0. -0.  0.  0.  0.  0.  0.  0.  0.\n",
      "   0.]]\n"
     ]
    }
   ],
   "source": [
    "Xp = V*D*Ut\n",
    "dif = X - Xp.T\n",
    "print(dif.round(10))"
   ]
  },
  {
   "cell_type": "markdown",
   "metadata": {},
   "source": [
    "A la matriz V se le puede truncar o eliminar filas o columnas"
   ]
  },
  {
   "cell_type": "markdown",
   "metadata": {},
   "source": [
    "Si $A$ es una matrix $m\\times n$ de rango $r$ y sea $VDU^T=A$, la descomposicion de A. En donde se escribe, $u_i$ para las columnas de $U$, $v_i$ para las columnas de V, y $\\sigma_1 \\geq \\sigma_2 \\geq ... \\geq \\sigma_p$ para los valores singulares de $A$ ($p=min(m,n)$). Entonces la matriz de rango $k < r$ mas cercana a A (en la norma $|| \\text{ }||_2$) esta dada por:\n",
    "\n",
    "$$ A_k = \\sum_{i=1}^k \\sigma_i v_i u_i^T = V diag(\\sigma_1,...,\\sigma_k, 0,...,0)U^T$$\n",
    "y $|| A-A_k||_2 = \\sigma_{k+1}$\n",
    "\n",
    "Y esto valida el truncar columnas\n",
    "\n",
    "Este metodo se llama SVD truncado"
   ]
  },
  {
   "cell_type": "markdown",
   "metadata": {},
   "source": [
    "Truncar la matriz V y obtener informacion de la descomposicion en valores singulares, se le llama **análisis semántico latente**"
   ]
  },
  {
   "cell_type": "markdown",
   "metadata": {},
   "source": [
    "## Segundo Algoritmo: Análisis de compontentes principales (o **análisis semántico latente** o tambien PCA)\n",
    "Sirve para identificar patrones en los datos y comprender la estructura de varianza y covarianza en los datos. De esta forma, se puede utilizar para reducir la dimension de los datos.\n",
    "\n",
    "La idea basica detras de este algoritmo es que las componentes principales de una matriz X, son proyecciones no correlacionadas Y de los puntos x1 hasta xn, donde esas son nuestros vectores de documento, en algunas direcciones v (vector unitario), de tal manera que la varianza de estas componentes principales es maxima."
   ]
  },
  {
   "cell_type": "markdown",
   "metadata": {},
   "source": [
    "Definicion:\n",
    "\n",
    "Dada una matrix $X$ $n\\times d$ , de puntos de datos $X_1,...,X_n$, si $\\mu$ es el centroide de $X$, entonces una **primera componente principal** de $X$ es un punto centrado $Y_1=(X-\\mu)v_1$, siendo esta la proyeccion de $X_1,...,X_n$ en una direccion $v_1$ tal que var($Y_1$) esta maximizado, donde $v_1$ un vector unitario.\n",
    "\n",
    "Mas generalmente, $Y_1,...,Y_k$, son $k$ componentes principales de $X$ a lo largo de vectores unitarios $v_1,...,v_k$, donde $1\\leq k <d$, el $(k+1)th$ componente principal de $X$ es un punto centrado $Y_{k+1} = (X-\\mu)v_{k+1}$, la proyeccion de $X_1,...,X_n$ en alguna direccion $v_{k+1}$, tal que var($Y_{k+1}$) es maximizada, sujeto a cov($Y_h,Y_{k+1}$)$=0$, para todo $h$ con $1 \\leq h \\leq k$, y donde $v_{k+1}$ es un vector unitario. Los $v_h$ se llaman direcciones principales"
   ]
  },
  {
   "cell_type": "markdown",
   "metadata": {},
   "source": [
    "Teorema:\n",
    "\n",
    "Una matrix $X$ de dimension $n\\times d$ de puntos de datos $X_1, ..., X_n$, y sea $\\mu$ el centroide de $X_i$'s. Si $X-\\mu=VDU^T$ es una descomposicion SVD de $X-\\mu$ y si la diagonal principal $D$ consiste en valores singulares $\\sigma_1 \\geq \\sigma_2 \\geq ... \\geq \\sigma_d$, entonces los puntos centrados $Y_1, ... , Y_d$, donde:\n",
    "\n",
    "$$Y_k = (X- \\mu)v_k = \\text{columna k-esima de VD} $$\n",
    "y $u_k$ es la columna k-esima de $U$, son los $d$ principales componentes de $X$.\n",
    "\n",
    "Además,\n",
    "\n",
    "$$\\text{var}{(Y_k)}= \\frac {\\sigma_k^2} {n-1}$$\n",
    "y\n",
    "$\\text{cov}(Y_h,Y_k)=0$, donde $h\\neq k$ y $1\\leq k, h\\leq d$"
   ]
  },
  {
   "cell_type": "markdown",
   "metadata": {},
   "source": [
    "Ejemplo\n",
    "Se carga data de 3 dimensiones"
   ]
  },
  {
   "cell_type": "code",
   "execution_count": 1,
   "metadata": {
    "scrolled": true
   },
   "outputs": [
    {
     "name": "stderr",
     "output_type": "stream",
     "text": [
      "d:\\program files\\python37\\lib\\site-packages\\pugnlp\\constants.py:136: FutureWarning: The pandas.datetime class is deprecated and will be removed from pandas in a future version. Import from datetime module instead.\n",
      "  [datetime.datetime, pd.datetime, pd.Timestamp])\n",
      "d:\\program files\\python37\\lib\\site-packages\\pugnlp\\constants.py:158: FutureWarning: The pandas.datetime class is deprecated and will be removed from pandas in a future version. Import from datetime module instead.\n",
      "  MIN_TIMESTAMP = pd.Timestamp(pd.datetime(1677, 9, 22, 0, 12, 44), tz='utc')\n",
      "d:\\program files\\python37\\lib\\site-packages\\pugnlp\\tutil.py:100: FutureWarning: The pandas.np module is deprecated and will be removed from pandas in a future version. Import numpy directly instead\n",
      "  np = pd.np\n",
      "d:\\program files\\python37\\lib\\site-packages\\pugnlp\\util.py:80: FutureWarning: The pandas.np module is deprecated and will be removed from pandas in a future version. Import numpy directly instead\n",
      "  np = pd.np\n",
      "INFO:nlpia.constants:Starting logger in nlpia.constants...\n",
      "d:\\program files\\python37\\lib\\site-packages\\nlpia\\futil.py:30: FutureWarning: The pandas.np module is deprecated and will be removed from pandas in a future version. Import numpy directly instead\n",
      "  np = pd.np\n",
      "d:\\program files\\python37\\lib\\site-packages\\nlpia\\loaders.py:78: FutureWarning: The pandas.np module is deprecated and will be removed from pandas in a future version. Import numpy directly instead\n",
      "  np = pd.np\n",
      "INFO:nlpia.loaders:No BIGDATA index found in d:\\program files\\python37\\lib\\site-packages\\nlpia\\data\\bigdata_info.csv so copy d:\\program files\\python37\\lib\\site-packages\\nlpia\\data\\bigdata_info.latest.csv to d:\\program files\\python37\\lib\\site-packages\\nlpia\\data\\bigdata_info.csv if you want to \"freeze\" it.\n",
      "INFO:nlpia.futil:Reading CSV with `read_csv(*('d:\\\\program files\\\\python37\\\\lib\\\\site-packages\\\\nlpia\\\\data\\\\mavis-batey-greetings.csv',), **{'low_memory': False})`...\n",
      "INFO:nlpia.futil:Reading CSV with `read_csv(*('d:\\\\program files\\\\python37\\\\lib\\\\site-packages\\\\nlpia\\\\data\\\\sms-spam.csv',), **{'low_memory': False})`...\n",
      "INFO:nlpia.futil:Reading CSV with `read_csv(*('d:\\\\program files\\\\python37\\\\lib\\\\site-packages\\\\nlpia\\\\data\\\\pointcloud.csv.gz',), **{'nrows': None, 'low_memory': False})`...\n"
     ]
    },
    {
     "data": {
      "text/plain": [
       "(1000, 3)"
      ]
     },
     "execution_count": 1,
     "metadata": {},
     "output_type": "execute_result"
    }
   ],
   "source": [
    "import pandas as pd\n",
    "\n",
    "pd.set_option('display.max_columns', 6)\n",
    "\n",
    "from sklearn.decomposition import PCA\n",
    "import seaborn\n",
    "from matplotlib import pyplot as plt\n",
    "from nlpia.data.loaders import get_data\n",
    "\n",
    "df = get_data('pointcloud').sample(1000)\n",
    "df.shape"
   ]
  },
  {
   "cell_type": "markdown",
   "metadata": {},
   "source": [
    "Visualizaremos los datos con matplotlib"
   ]
  },
  {
   "cell_type": "code",
   "execution_count": 2,
   "metadata": {},
   "outputs": [
    {
     "data": {
